0,1,2,3,4,5,6,7,8,9,10,11,12,13,14,15,16,17,18,19
"[-1, -1, 10]","[1, 5, 4]",8,8,"[-1, -1, 10]","[1, 5, 4]",8,8,"[-1, -1, 10]","[1, 5, 4]",8,8,"[-1, -1, -1, -1, 10]","[0, 2, 4, 2, 4]",6,6,"[-1, -1, 10]","[0, 2, 4]",8,8
"[-1, -1, -1, 10]","[0, 2, 2, 4]",7,15,"[-1, -1, 10]","[0, 2, 4]",8,16,"[-1, -1, -1, 10]","[0, 4, 2, 4]",7,15,"[-1, -1, -1, 10]","[0, 1, 5, 4]",7,13,"[-1, -1, 10]","[1, 5, 4]",8,16
"[-1, -1, -1, 10]","[0, 4, 2, 4]",7,22,"[-1, -1, 10]","[0, 2, 4]",8,24,"[-1, -1, -1, 10]","[0, 4, 2, 4]",7,22,"[-1, -1, -1, -1, 10]","[0, 2, 4, 2, 4]",6,19,"[-1, -10, -10, -10, -10, -10, -10, -10, -10, -10]","[0, 1, 1, 1, 1, 1, 1, 1, 1, 1]",-91,-75
"[-1, -1, -1, -1, 10]","[0, 2, 4, 2, 4]",6,28,"[-10, -10, -10, -10, -10, -10, -10, -10, -10, -10]","[2, 2, 2, 2, 2, 2, 2, 2, 2, 2]",-100,-76,"[-1, -1, -1, 10]","[0, 4, 2, 4]",7,29,"[-1, -10, -10, -10, -10, -10, -10, -10, -10, -10]","[0, 1, 1, 1, 1, 1, 1, 1, 1, 1]",-91,-72,"[-1, -1, 10]","[1, 5, 4]",8,-67
"[-1, -1, 10]","[0, 2, 4]",8,36,"[-1, -1, -1, 10]","[0, 2, 2, 4]",7,-69,"[-1, -1, -1, 10]","[0, 2, 2, 4]",7,36,"[-1, -1, 10]","[0, 2, 4]",8,-64,"[-1, -1, -1, -1, 10]","[0, 2, 1, 5, 4]",6,-61
"[-1, -1, -1, 10]","[0, 2, 2, 4]",7,43,"[-1, -1, 10]","[0, 2, 4]",8,-61,"[-10, -10, -10, -10, -10, -10, -10, -10, -10, -10]","[2, 2, 2, 2, 2, 2, 2, 2, 2, 2]",-100,-64,"[-1, -1, -1, 10]","[0, 1, 5, 4]",7,-57,"[-1, -1, 10]","[1, 5, 4]",8,-53
"[-1, -1, -1, -1, 10]","[0, 2, 4, 2, 4]",6,49,"[-1, -1, -1, 10]","[0, 4, 2, 4]",7,-54,"[-1, -1, -1, -1, 10]","[0, 2, 4, 2, 4]",6,-58,"[-1, -1, -1, 10]","[0, 2, 2, 4]",7,-50,"[-10, -10, -10, -10, -10, -10, -10, -10, -10, -10]","[2, 2, 2, 2, 2, 2, 2, 2, 2, 2]",-100,-153
"[-1, -1, -1, -1, 10]","[0, 2, 4, 2, 4]",6,55,"[-1, -1, 10]","[1, 5, 4]",8,-46,"[-10, -10, -10, -10, -10, -10, -10, -10, -10, -10]","[2, 2, 2, 2, 2, 2, 2, 2, 2, 2]",-100,-158,"[-1, -1, -1, 10]","[0, 2, 2, 4]",7,-43,"[-1, -1, 10]","[0, 2, 4]",8,-145
"[-10, -10, -10, -10, -10, -10, -10, -10, -10, -10]","[2, 2, 2, 2, 2, 2, 2, 2, 2, 2]",-100,-45,"[-1, -1, 10]","[1, 5, 4]",8,-38,"[-10, -10, -10, -10, -10, -10, -10, -10, -10, -10]","[2, 2, 2, 2, 2, 2, 2, 2, 2, 2]",-100,-258,"[-1, -1, 10]","[1, 5, 4]",8,-35,"[-1, -10, -10, -10, -10, -10, -10, -10, -10, -10]","[0, 4, 4, 4, 4, 4, 4, 4, 4, 4]",-91,-236
"[-1, -1, -1, 10]","[0, 4, 2, 4]",7,-38,"[-1, -1, -1, -1, 10]","[0, 2, 4, 2, 4]",6,-32,"[-1, -1, 10]","[1, 5, 4]",8,-250,"[-1, -1, 10]","[1, 5, 4]",8,-27,"[-1, -1, -1, 10]","[0, 2, 2, 4]",7,-229
"[-1, -1, 10]","[0, 2, 4]",8,-30,"[-10, -10, -10, -10, -10, -10, -10, -10, -10, -10]","[2, 2, 2, 2, 2, 2, 2, 2, 2, 2]",-100,-132,"[-1, -1, 10]","[0, 2, 4]",8,-242,"[-1, -1, 10]","[1, 5, 4]",8,-19,"[-1, -1, -1, -1, 10]","[0, 2, 4, 2, 4]",6,-223
"[-10, -10, -10, -10, -10, -10, -10, -10, -10, -10]","[2, 2, 2, 2, 2, 2, 2, 2, 2, 2]",-100,-130,"[-1, -1, -1, -1, 10]","[0, 2, 4, 2, 4]",6,-126,"[-1, -1, 10]","[0, 2, 4]",8,-234,"[-1, -10, -10, -10, -10, -10, -10, -10, -10, -10]","[0, 1, 1, 1, 1, 1, 1, 1, 1, 1]",-91,-110,"[-1, -1, 10]","[0, 2, 4]",8,-215
"[-1, -1, -1, 10]","[0, 2, 2, 4]",7,-123,"[-1, -1, 10]","[0, 2, 4]",8,-118,"[-1, -1, 10]","[1, 5, 4]",8,-226,"[-1, -1, 10]","[1, 5, 4]",8,-102,"[-1, -1, -1, 10]","[0, 2, 2, 4]",7,-208
"[-1, -10, -10, -10, -10, -10, -10, -10, -10, -10]","[0, 4, 4, 4, 4, 4, 4, 4, 4, 4]",-91,-214,"[-10, -10, -10, -10, -10, -10, -10, -10, -10, -10]","[2, 2, 2, 2, 2, 2, 2, 2, 2, 2]",-100,-218,"[-1, -1, 10]","[1, 5, 4]",8,-218,"[-1, -1, -1, -1, 10]","[0, 2, 1, 5, 4]",6,-96,"[-1, -1, 10]","[0, 2, 4]",8,-200
"[-1, -1, -1, -1, 10]","[0, 2, 4, 2, 4]",6,-208,"[-1, -1, -1, -1, 10]","[0, 2, 1, 5, 4]",6,-212,"[-1, -1, 10]","[1, 5, 4]",8,-210,"[-1, -1, -1, -1, 10]","[0, 2, 4, 2, 4]",6,-90,"[-1, -1, -1, 10]","[0, 2, 2, 4]",7,-193
"[-1, -1, 10]","[0, 2, 4]",8,-200,"[-1, -1, 10]","[1, 5, 4]",8,-204,"[-1, -1, 10]","[0, 2, 4]",8,-202,"[-1, -1, -1, 10]","[0, 2, 2, 4]",7,-83,"[-1, -1, -1, 10]","[0, 2, 2, 4]",7,-186
"[-1, -1, -1, 10]","[0, 2, 2, 4]",7,-193,"[-10, -10, -10, -10, -10, -10, -10, -10, -10, -10]","[2, 2, 2, 2, 2, 2, 2, 2, 2, 2]",-100,-304,"[-1, -1, 10]","[1, 5, 4]",8,-194,"[-1, -1, -1, 10]","[0, 2, 2, 4]",7,-76,"[-1, -1, -1, -1, -1, 10]","[0, 2, 2, 1, 5, 4]",5,-181
"[-1, -1, -1, 10]","[0, 2, 2, 4]",7,-186,"[-1, -1, -1, 10]","[0, 2, 2, 4]",7,-297,"[-1, -1, 10]","[1, 5, 4]",8,-186,"[-1, -10, -10, -10, -10, -10, -10, -10, -10, -10]","[0, 4, 4, 4, 4, 4, 4, 4, 4, 4]",-91,-167,"[-1, -1, -1, 10]","[0, 4, 2, 4]",7,-174
"[-10, -10, -10, -10, -10, -10, -10, -10, -10, -10]","[2, 2, 2, 2, 2, 2, 2, 2, 2, 2]",-100,-286,"[-1, -1, -1, 10]","[0, 2, 2, 4]",7,-290,"[-1, -1, 10]","[0, 2, 4]",8,-178,"[-1, -1, -1, 10]","[0, 2, 2, 4]",7,-160,"[-1, -1, -1, -1, 10]","[0, 2, 1, 5, 4]",6,-168
"[-1, -1, 10]","[1, 5, 4]",8,-278,"[-10, -10, -10, -10, -10, -10, -10, -10, -10, -10]","[2, 2, 2, 2, 2, 2, 2, 2, 2, 2]",-100,-390,"[-1, -1, -1, 10]","[0, 2, 2, 4]",7,-171,"[-1, -1, 10]","[1, 5, 4]",8,-152,"[-1, -1, 10]","[0, 2, 4]",8,-160
"[-1, -1, 10]","[0, 2, 4]",8,-270,"[-1, -1, 10]","[1, 5, 4]",8,-382,"[-1, -1, -1, -1, 10]","[0, 2, 4, 2, 4]",6,-165,"[-1, -1, 10]","[1, 5, 4]",8,-144,"[-1, -1, 10]","[1, 5, 4]",8,-152
"[-1, -1, 10]","[0, 2, 4]",8,-262,"[-1, -1, -1, -1, 10]","[0, 2, 4, 2, 4]",6,-376,"[-10, -10, -10, -10, -10, -10, -10, -10, -10, -10]","[2, 2, 2, 2, 2, 2, 2, 2, 2, 2]",-100,-265,"[-1, -1, -1, 10]","[0, 2, 2, 4]",7,-137,"[-1, -1, 10]","[1, 5, 4]",8,-144
"[-1, -1, -1, -1, -1, 10]","[0, 2, 2, 1, 5, 4]",5,-257,"[-1, -1, -1, 10]","[0, 4, 2, 4]",7,-369,"[-10, -10, -10, -10, -10, -10, -10, -10, -10, -10]","[2, 2, 2, 2, 2, 2, 2, 2, 2, 2]",-100,-365,"[-10, -10, -10, -10, -10, -10, -10, -10, -10, -10]","[2, 2, 2, 2, 2, 2, 2, 2, 2, 2]",-100,-237,"[-1, -1, 10]","[0, 2, 4]",8,-136
"[-1, -1, 10]","[0, 2, 4]",8,-249,"[-1, -1, -1, 10]","[0, 2, 2, 4]",7,-362,"[-1, -1, 10]","[0, 2, 4]",8,-357,"[-10, -10, -10, -10, -10, -10, -10, -10, -10, -10]","[2, 2, 2, 2, 2, 2, 2, 2, 2, 2]",-100,-337,"[-1, -1, 10]","[1, 5, 4]",8,-128
"[-1, -1, -1, 10]","[0, 2, 2, 4]",7,-242,"[-1, -1, 10]","[1, 5, 4]",8,-354,"[-1, -1, 10]","[1, 5, 4]",8,-349,"[-1, -1, 10]","[1, 5, 4]",8,-329,"[-1, -1, -1, -1, 10]","[0, 2, 4, 2, 4]",6,-122
"[-1, -1, -1, 10]","[0, 2, 2, 4]",7,-235,"[-1, -1, -1, 10]","[0, 1, 5, 4]",7,-347,"[-10, -10, -10, -10, -10, -10, -10, -10, -10, -10]","[2, 2, 2, 2, 2, 2, 2, 2, 2, 2]",-100,-449,"[-1, -1, 10]","[0, 2, 4]",8,-321,"[-10, -10, -10, -10, -10, -10, -10, -10, -10, -10]","[2, 2, 2, 2, 2, 2, 2, 2, 2, 2]",-100,-222
"[-10, -10, -10, -10, -10, -10, -10, -10, -10, -10]","[2, 2, 2, 2, 2, 2, 2, 2, 2, 2]",-100,-335,"[-1, -1, -1, 10]","[0, 2, 2, 4]",7,-340,"[-1, -1, 10]","[0, 2, 4]",8,-441,"[-1, -10, -10, -10, -10, -10, -10, -10, -10, -10]","[1, 5, 5, 5, 5, 5, 5, 5, 5, 5]",-91,-412,"[-1, -1, 10]","[0, 2, 4]",8,-214
"[-1, -1, 10]","[1, 5, 4]",8,-327,"[-1, -1, 10]","[1, 5, 4]",8,-332,"[-1, -1, 10]","[0, 2, 4]",8,-433,"[-1, -1, 10]","[1, 5, 4]",8,-404,"[-1, -1, 10]","[1, 5, 4]",8,-206
"[-1, -1, -1, -1, 10]","[0, 2, 4, 2, 4]",6,-321,"[-1, -1, -1, 10]","[0, 1, 5, 4]",7,-325,"[-1, -1, -1, 10]","[0, 2, 2, 4]",7,-426,"[-1, -1, -1, 10]","[0, 2, 2, 4]",7,-397,"[-1, -1, 10]","[1, 5, 4]",8,-198
"[-1, -1, 10]","[1, 5, 4]",8,-313,"[-1, -1, 10]","[1, 5, 4]",8,-317,"[-1, -1, -1, 10]","[0, 2, 2, 4]",7,-419,"[-1, -1, -1, -1, 10]","[0, 2, 4, 2, 4]",6,-391,"[-1, -1, -1, -1, 10]","[0, 2, 4, 2, 4]",6,-192
"[-1, -1, -1, 10]","[0, 2, 2, 4]",7,-306,"[-1, -1, 10]","[0, 2, 4]",8,-309,"[-1, -1, 10]","[0, 2, 4]",8,-411,"[-1, -1, 10]","[1, 5, 4]",8,-383,"[-1, -1, 10]","[0, 2, 4]",8,-184
"[-1, -1, -1, 10]","[0, 2, 2, 4]",7,-299,"[-1, -1, 10]","[0, 2, 4]",8,-301,"[-1, -1, 10]","[1, 5, 4]",8,-403,"[-1, -1, 10]","[1, 5, 4]",8,-375,"[-1, -1, -1, 10]","[0, 2, 2, 4]",7,-177
"[-1, -1, -1, 10]","[0, 2, 2, 4]",7,-292,"[-1, -1, -1, 10]","[0, 4, 2, 4]",7,-294,"[-1, -1, -1, -1, 10]","[0, 2, 4, 2, 4]",6,-397,"[-1, -1, 10]","[1, 5, 4]",8,-367,"[-1, -1, 10]","[0, 2, 4]",8,-169
"[-1, -1, 10]","[0, 2, 4]",8,-284,"[-1, -1, -1, -1, 10]","[0, 2, 4, 2, 4]",6,-288,"[-1, -1, 10]","[1, 5, 4]",8,-389,"[-1, -1, 10]","[0, 2, 4]",8,-359,"[-1, -1, 10]","[0, 2, 4]",8,-161
"[-1, -1, -1, 10]","[0, 2, 2, 4]",7,-277,"[-1, -1, -1, 10]","[0, 4, 2, 4]",7,-281,"[-1, -1, 10]","[0, 2, 4]",8,-381,"[-1, -1, 10]","[1, 5, 4]",8,-351,"[-1, -1, 10]","[0, 2, 4]",8,-153
"[-1, -1, 10]","[0, 2, 4]",8,-269,"[-1, -1, -1, 10]","[0, 2, 2, 4]",7,-274,"[-1, -1, 10]","[0, 2, 4]",8,-373,"[-1, -1, 10]","[0, 2, 4]",8,-343,"[-1, -1, 10]","[0, 2, 4]",8,-145
"[-1, -1, 10]","[1, 5, 4]",8,-261,"[-1, -1, 10]","[0, 2, 4]",8,-266,"[-1, -1, -1, -1, 10]","[0, 2, 4, 2, 4]",6,-367,"[-1, -10, -10, -10, -10, -10, -10, -10, -10, -10]","[0, 4, 4, 4, 4, 4, 4, 4, 4, 4]",-91,-434,"[-1, -1, 10]","[1, 5, 4]",8,-137
"[-10, -10, -10, -10, -10, -10, -10, -10, -10, -10]","[2, 2, 2, 2, 2, 2, 2, 2, 2, 2]",-100,-361,"[-1, -1, -1, 10]","[0, 4, 2, 4]",7,-259,"[-1, -1, -1, 10]","[0, 2, 2, 4]",7,-360,"[-1, -1, -1, -1, -1, 10]","[0, 2, 2, 1, 5, 4]",5,-429,"[-1, -1, 10]","[0, 2, 4]",8,-129
"[-1, -1, -1, 10]","[0, 2, 2, 4]",7,-354,"[-1, -1, 10]","[0, 2, 4]",8,-251,"[-1, -1, 10]","[1, 5, 4]",8,-352,"[-10, -10, -10, -10, -10, -10, -10, -10, -10, -10]","[2, 2, 2, 2, 2, 2, 2, 2, 2, 2]",-100,-529,"[-1, -1, 10]","[1, 5, 4]",8,-121
"[-1, -1, 10]","[0, 2, 4]",8,-346,"[-1, -1, -1, 10]","[0, 2, 2, 4]",7,-244,"[-1, -1, -1, 10]","[0, 2, 2, 4]",7,-345,"[-1, -1, -1, 10]","[0, 2, 2, 4]",7,-522,"[-1, -1, 10]","[1, 5, 4]",8,-113
"[-1, -1, -1, -1, 10]","[0, 2, 4, 2, 4]",6,-340,"[-1, -10, -10, -10, -10, -10, -10, -10, -10, -10]","[0, 1, 1, 1, 1, 1, 1, 1, 1, 1]",-91,-335,"[-1, -1, -1, 10]","[0, 1, 5, 4]",7,-338,"[-1, -1, 10]","[0, 2, 4]",8,-514,"[-1, -1, -1, -1, 10]","[0, 2, 4, 2, 4]",6,-107
"[-1, -1, 10]","[0, 2, 4]",8,-332,"[-1, -1, -1, -1, 10]","[0, 2, 4, 2, 4]",6,-329,"[-1, -1, 10]","[1, 5, 4]",8,-330,"[-1, -1, -1, 10]","[0, 2, 2, 4]",7,-507,"[-1, -1, 10]","[1, 5, 4]",8,-99
"[-10, -10, -10, -10, -10, -10, -10, -10, -10, -10]","[2, 2, 2, 2, 2, 2, 2, 2, 2, 2]",-100,-432,"[-1, -1, 10]","[0, 2, 4]",8,-321,"[-1, -1, 10]","[0, 2, 4]",8,-322,"[-1, -1, 10]","[1, 5, 4]",8,-499,"[-1, -10, -10, -10, -10, -10, -10, -10, -10, -10]","[1, 5, 5, 5, 5, 5, 5, 5, 5, 5]",-91,-190
"[-1, -1, 10]","[0, 2, 4]",8,-424,"[-1, -1, 10]","[0, 2, 4]",8,-313,"[-1, -1, 10]","[1, 5, 4]",8,-314,"[-10, -10, -10, -10, -10, -10, -10, -10, -10, -10]","[2, 2, 2, 2, 2, 2, 2, 2, 2, 2]",-100,-599,"[-1, -1, 10]","[1, 5, 4]",8,-182
"[-1, -1, 10]","[0, 2, 4]",8,-416,"[-1, -10, -10, -10, -10, -10, -10, -10, -10, -10]","[0, 1, 1, 1, 1, 1, 1, 1, 1, 1]",-91,-404,"[-1, -1, 10]","[0, 2, 4]",8,-306,"[-1, -1, -1, -1, 10]","[0, 2, 4, 2, 4]",6,-593,"[-1, -1, -1, -1, -1, 10]","[0, 2, 2, 1, 5, 4]",5,-177
"[-1, -1, 10]","[0, 2, 4]",8,-408,"[-1, -1, -1, -1, 10]","[0, 2, 4, 2, 4]",6,-398,"[-1, -1, 10]","[1, 5, 4]",8,-298,"[-1, -1, -1, 10]","[0, 4, 2, 4]",7,-586,"[-1, -1, 10]","[1, 5, 4]",8,-169
"[-1, -1, 10]","[1, 5, 4]",8,-400,"[-1, -1, 10]","[0, 2, 4]",8,-390,"[-1, -10, -10, -10, -10, -10, -10, -10, -10, -10]","[0, 1, 1, 1, 1, 1, 1, 1, 1, 1]",-91,-389,"[-1, -1, -1, 10]","[0, 4, 2, 4]",7,-579,"[-1, -1, -1, 10]","[0, 2, 2, 4]",7,-162
"[-10, -10, -10, -10, -10, -10, -10, -10, -10, -10]","[2, 2, 2, 2, 2, 2, 2, 2, 2, 2]",-100,-500,"[-1, -1, -1, -1, 10]","[0, 2, 1, 5, 4]",6,-384,"[-1, -1, -1, -1, -1, 10]","[0, 2, 2, 1, 5, 4]",5,-384,"[-1, -1, -1, 10]","[0, 4, 2, 4]",7,-572,"[-1, -1, 10]","[1, 5, 4]",8,-154
"[-1, -1, -1, -1, 10]","[0, 2, 4, 2, 4]",6,-494,"[-1, -1, 10]","[0, 2, 4]",8,-376,"[-1, -1, 10]","[1, 5, 4]",8,-376,"[-1, -1, -1, 10]","[0, 4, 2, 4]",7,-565,"[-1, -1, 10]","[0, 2, 4]",8,-146
"[-1, -1, -1, 10]","[0, 2, 2, 4]",7,-487,"[-1, -1, -1, 10]","[0, 2, 2, 4]",7,-369,"[-10, -10, -10, -10, -10, -10, -10, -10, -10, -10]","[2, 2, 2, 2, 2, 2, 2, 2, 2, 2]",-100,-476,"[-1, -1, 10]","[1, 5, 4]",8,-557,"[-1, -1, 10]","[1, 5, 4]",8,-138
"[-1, -1, -1, -1, 10]","[0, 2, 4, 2, 4]",6,-481,"[-10, -10, -10, -10, -10, -10, -10, -10, -10, -10]","[2, 2, 2, 2, 2, 2, 2, 2, 2, 2]",-100,-469,"[-1, -1, 10]","[1, 5, 4]",8,-468,"[-10, -10, -10, -10, -10, -10, -10, -10, -10, -10]","[2, 2, 2, 2, 2, 2, 2, 2, 2, 2]",-100,-657,"[-1, -1, -1, -1, 10]","[0, 2, 1, 5, 4]",6,-132
"[-1, -1, -1, 10]","[0, 2, 2, 4]",7,-474,"[-1, -1, -1, 10]","[0, 2, 2, 4]",7,-462,"[-1, -1, -1, 10]","[0, 2, 2, 4]",7,-461,"[-1, -1, 10]","[0, 2, 4]",8,-649,"[-1, -1, 10]","[0, 2, 4]",8,-124
"[-1, -1, 10]","[0, 2, 4]",8,-466,"[-1, -1, 10]","[1, 5, 4]",8,-454,"[-1, -1, -1, -1, 10]","[0, 2, 4, 2, 4]",6,-455,"[-1, -1, 10]","[0, 2, 4]",8,-641,"[-1, -1, 10]","[1, 5, 4]",8,-116
"[-1, -1, -1, 10]","[0, 2, 2, 4]",7,-459,"[-1, -1, -1, -1, 10]","[0, 2, 4, 2, 4]",6,-448,"[-1, -1, -1, 10]","[0, 2, 2, 4]",7,-448,"[-1, -1, -1, 10]","[0, 2, 2, 4]",7,-634,"[-1, -1, -1, 10]","[0, 4, 2, 4]",7,-109
"[-10, -10, -10, -10, -10, -10, -10, -10, -10, -10]","[2, 2, 2, 2, 2, 2, 2, 2, 2, 2]",-100,-559,"[-1, -1, 10]","[1, 5, 4]",8,-440,"[-1, -1, 10]","[0, 2, 4]",8,-440,"[-1, -1, 10]","[1, 5, 4]",8,-626,"[-1, -1, -1, -1, 10]","[0, 2, 1, 5, 4]",6,-103
"[-1, -1, -1, 10]","[0, 2, 2, 4]",7,-552,"[-1, -1, 10]","[0, 2, 4]",8,-432,"[-1, -1, 10]","[0, 2, 4]",8,-432,"[-1, -1, -1, -1, 10]","[0, 2, 4, 2, 4]",6,-620,"[-1, -1, -1, -1, 10]","[0, 2, 4, 2, 4]",6,-97
"[-1, -1, -1, 10]","[0, 2, 2, 4]",7,-545,"[-10, -10, -10, -10, -10, -10, -10, -10, -10, -10]","[2, 2, 2, 2, 2, 2, 2, 2, 2, 2]",-100,-532,"[-1, -1, -1, 10]","[0, 2, 2, 4]",7,-425,"[-10, -10, -10, -10, -10, -10, -10, -10, -10, -10]","[2, 2, 2, 2, 2, 2, 2, 2, 2, 2]",-100,-720,"[-1, -1, -1, -1, 10]","[0, 2, 4, 2, 4]",6,-91
"[-10, -10, -10, -10, -10, -10, -10, -10, -10, -10]","[2, 2, 2, 2, 2, 2, 2, 2, 2, 2]",-100,-645,"[-1, -1, 10]","[0, 2, 4]",8,-524,"[-10, -10, -10, -10, -10, -10, -10, -10, -10, -10]","[2, 2, 2, 2, 2, 2, 2, 2, 2, 2]",-100,-525,"[-1, -1, 10]","[0, 2, 4]",8,-712,"[-1, -1, 10]","[1, 5, 4]",8,-83
"[-1, -1, -1, 10]","[0, 2, 2, 4]",7,-638,"[-1, -1, 10]","[1, 5, 4]",8,-516,"[-1, -1, -1, 10]","[0, 2, 2, 4]",7,-518,"[-1, -1, 10]","[1, 5, 4]",8,-704,"[-10, -10, -10, -10, -10, -10, -10, -10, -10, -10]","[2, 2, 2, 2, 2, 2, 2, 2, 2, 2]",-100,-183
"[-1, -1, 10]","[0, 2, 4]",8,-630,"[-1, -1, 10]","[1, 5, 4]",8,-508,"[-1, -1, -1, -1, 10]","[0, 2, 4, 2, 4]",6,-512,"[-1, -1, 10]","[0, 2, 4]",8,-696,"[-1, -1, 10]","[1, 5, 4]",8,-175
"[-1, -1, -1, -1, -1, 10]","[0, 2, 2, 1, 5, 4]",5,-625,"[-1, -1, 10]","[1, 5, 4]",8,-500,"[-1, -1, 10]","[0, 2, 4]",8,-504,"[-1, -1, 10]","[1, 5, 4]",8,-688,"[-1, -1, 10]","[1, 5, 4]",8,-167
"[-1, -1, -1, -1, 10]","[0, 2, 1, 5, 4]",6,-619,"[-1, -1, 10]","[1, 5, 4]",8,-492,"[-1, -1, -1, 10]","[0, 4, 2, 4]",7,-497,"[-10, -10, -10, -10, -10, -10, -10, -10, -10, -10]","[2, 2, 2, 2, 2, 2, 2, 2, 2, 2]",-100,-788,"[-1, -10, -10, -10, -10, -10, -10, -10, -10, -10]","[0, 1, 1, 1, 1, 1, 1, 1, 1, 1]",-91,-258
"[-1, -1, 10]","[0, 2, 4]",8,-611,"[-1, -1, 10]","[1, 5, 4]",8,-484,"[-1, -1, -1, 10]","[0, 4, 2, 4]",7,-490,"[-1, -1, 10]","[1, 5, 4]",8,-780,"[-1, -1, -1, 10]","[0, 2, 2, 4]",7,-251
"[-10, -10, -10, -10, -10, -10, -10, -10, -10, -10]","[2, 2, 2, 2, 2, 2, 2, 2, 2, 2]",-100,-711,"[-1, -1, -1, 10]","[0, 2, 2, 4]",7,-477,"[-10, -10, -10, -10, -10, -10, -10, -10, -10, -10]","[2, 2, 2, 2, 2, 2, 2, 2, 2, 2]",-100,-590,"[-1, -1, -1, 10]","[0, 2, 2, 4]",7,-773,"[-1, -1, -1, 10]","[0, 2, 2, 4]",7,-244
"[-1, -1, 10]","[0, 2, 4]",8,-703,"[-1, -1, 10]","[1, 5, 4]",8,-469,"[-10, -10, -10, -10, -10, -10, -10, -10, -10, -10]","[2, 2, 2, 2, 2, 2, 2, 2, 2, 2]",-100,-690,"[-1, -10, -10, -10, -10, -10, -10, -10, -10, -10]","[0, 1, 1, 1, 1, 1, 1, 1, 1, 1]",-91,-864,"[-1, -1, 10]","[0, 2, 4]",8,-236
"[-1, -1, -1, -1, 10]","[0, 2, 4, 2, 4]",6,-697,"[-1, -1, 10]","[0, 2, 4]",8,-461,"[-1, -1, 10]","[1, 5, 4]",8,-682,"[-10, -10, -10, -10, -10, -10, -10, -10, -10, -10]","[2, 2, 2, 2, 2, 2, 2, 2, 2, 2]",-100,-964,"[-10, -10, -10, -10, -10, -10, -10, -10, -10, -10]","[2, 2, 2, 2, 2, 2, 2, 2, 2, 2]",-100,-336
"[-1, -1, 10]","[0, 2, 4]",8,-689,"[-1, -1, 10]","[0, 2, 4]",8,-453,"[-1, -1, -1, 10]","[0, 2, 2, 4]",7,-675,"[-10, -10, -10, -10, -10, -10, -10, -10, -10, -10]","[2, 2, 2, 2, 2, 2, 2, 2, 2, 2]",-100,-1064,"[-1, -1, -1, -1, 10]","[0, 2, 4, 2, 4]",6,-330
"[-1, -1, -1, -1, 10]","[0, 2, 4, 2, 4]",6,-683,"[-1, -1, -1, -1, 10]","[0, 2, 4, 2, 4]",6,-447,"[-1, -1, 10]","[0, 2, 4]",8,-667,"[-1, -1, 10]","[0, 2, 4]",8,-1056,"[-10, -10, -10, -10, -10, -10, -10, -10, -10, -10]","[2, 2, 2, 2, 2, 2, 2, 2, 2, 2]",-100,-430
"[-1, -1, 10]","[0, 2, 4]",8,-675,"[-10, -10, -10, -10, -10, -10, -10, -10, -10, -10]","[2, 2, 2, 2, 2, 2, 2, 2, 2, 2]",-100,-547,"[-1, -1, -1, 10]","[0, 1, 5, 4]",7,-660,"[-10, -10, -10, -10, -10, -10, -10, -10, -10, -10]","[2, 2, 2, 2, 2, 2, 2, 2, 2, 2]",-100,-1156,"[-1, -1, -1, -1, 10]","[0, 2, 1, 5, 4]",6,-424
"[-1, -1, -1, -1, 10]","[0, 2, 1, 5, 4]",6,-669,"[-10, -10, -10, -10, -10, -10, -10, -10, -10, -10]","[2, 2, 2, 2, 2, 2, 2, 2, 2, 2]",-100,-647,"[-1, -1, 10]","[1, 5, 4]",8,-652,"[-1, -1, -1, 10]","[0, 2, 2, 4]",7,-1149,"[-1, -1, -1, -1, 10]","[0, 2, 4, 2, 4]",6,-418
"[-1, -1, -1, -1, -1, 10]","[0, 2, 2, 1, 5, 4]",5,-664,"[-10, -10, -10, -10, -10, -10, -10, -10, -10, -10]","[2, 2, 2, 2, 2, 2, 2, 2, 2, 2]",-100,-747,"[-1, -1, -1, 10]","[0, 4, 2, 4]",7,-645,"[-10, -10, -10, -10, -10, -10, -10, -10, -10, -10]","[2, 2, 2, 2, 2, 2, 2, 2, 2, 2]",-100,-1249,"[-1, -1, -1, -1, 10]","[0, 2, 4, 2, 4]",6,-412
"[-1, -1, -1, 10]","[0, 2, 2, 4]",7,-657,"[-1, -10, -10, -10, -10, -10, -10, -10, -10, -10]","[0, 1, 1, 1, 1, 1, 1, 1, 1, 1]",-91,-838,"[-1, -1, 10]","[1, 5, 4]",8,-637,"[-1, -1, -1, -1, -1, 10]","[0, 2, 2, 1, 5, 4]",5,-1244,"[-1, -1, 10]","[0, 2, 4]",8,-404
"[-1, -1, -1, -1, 10]","[0, 2, 1, 5, 4]",6,-651,"[-1, -1, 10]","[0, 2, 4]",8,-830,"[-1, -1, -1, 10]","[0, 2, 2, 4]",7,-630,"[-1, -1, -1, -1, -1, 10]","[0, 2, 2, 1, 5, 4]",5,-1239,"[-1, -1, -1, -1, 10]","[0, 2, 4, 2, 4]",6,-398
"[-1, -1, 10]","[0, 2, 4]",8,-643,"[-1, -1, 10]","[1, 5, 4]",8,-822,"[-1, -1, 10]","[1, 5, 4]",8,-622,"[-1, -1, -1, 10]","[0, 1, 5, 4]",7,-1232,"[-1, -1, 10]","[0, 2, 4]",8,-390
"[-1, -1, 10]","[1, 5, 4]",8,-635,"[-1, -1, -1, -1, -1, 10]","[0, 2, 2, 1, 5, 4]",5,-817,"[-1, -1, -1, -1, 10]","[0, 2, 4, 2, 4]",6,-616,"[-1, -1, 10]","[1, 5, 4]",8,-1224,"[-1, -1, 10]","[1, 5, 4]",8,-382
"[-1, -10, -10, -10, -10, -10, -10, -10, -10, -10]","[0, 4, 4, 4, 4, 4, 4, 4, 4, 4]",-91,-726,"[-1, -1, -1, 10]","[0, 2, 2, 4]",7,-810,"[-10, -10, -10, -10, -10, -10, -10, -10, -10, -10]","[2, 2, 2, 2, 2, 2, 2, 2, 2, 2]",-100,-716,"[-1, -1, 10]","[1, 5, 4]",8,-1216,"[-1, -1, -1, -1, 10]","[0, 2, 4, 2, 4]",6,-376
"[-1, -1, -1, 10]","[0, 4, 2, 4]",7,-719,"[-1, -1, -1, -1, 10]","[0, 2, 4, 2, 4]",6,-804,"[-1, -1, 10]","[1, 5, 4]",8,-708,"[-1, -1, -1, 10]","[0, 2, 2, 4]",7,-1209,"[-1, -1, 10]","[1, 5, 4]",8,-368
"[-1, -1, -1, 10]","[0, 4, 2, 4]",7,-712,"[-1, -1, 10]","[0, 2, 4]",8,-796,"[-1, -1, -1, 10]","[0, 2, 2, 4]",7,-701,"[-1, -1, 10]","[1, 5, 4]",8,-1201,"[-1, -1, 10]","[0, 2, 4]",8,-360
"[-1, -1, 10]","[0, 2, 4]",8,-704,"[-1, -1, 10]","[0, 2, 4]",8,-788,"[-10, -10, -10, -10, -10, -10, -10, -10, -10, -10]","[2, 2, 2, 2, 2, 2, 2, 2, 2, 2]",-100,-801,"[-1, -1, -1, 10]","[0, 2, 2, 4]",7,-1194,"[-1, -1, -1, -1, 10]","[0, 2, 4, 2, 4]",6,-354
"[-1, -1, 10]","[1, 5, 4]",8,-696,"[-1, -1, -1, -1, 10]","[0, 2, 4, 2, 4]",6,-782,"[-10, -10, -10, -10, -10, -10, -10, -10, -10, -10]","[2, 2, 2, 2, 2, 2, 2, 2, 2, 2]",-100,-901,"[-10, -10, -10, -10, -10, -10, -10, -10, -10, -10]","[2, 2, 2, 2, 2, 2, 2, 2, 2, 2]",-100,-1294,"[-1, -1, 10]","[0, 2, 4]",8,-346
"[-1, -1, -1, 10]","[0, 2, 2, 4]",7,-689,"[-10, -10, -10, -10, -10, -10, -10, -10, -10, -10]","[2, 2, 2, 2, 2, 2, 2, 2, 2, 2]",-100,-882,"[-1, -1, -1, 10]","[0, 4, 2, 4]",7,-894,"[-10, -10, -10, -10, -10, -10, -10, -10, -10, -10]","[2, 2, 2, 2, 2, 2, 2, 2, 2, 2]",-100,-1394,"[-1, -1, 10]","[0, 2, 4]",8,-338
"[-1, -1, -1, 10]","[0, 2, 2, 4]",7,-682,"[-1, -1, 10]","[1, 5, 4]",8,-874,"[-1, -1, 10]","[0, 2, 4]",8,-886,"[-1, -1, -1, -1, 10]","[0, 2, 1, 5, 4]",6,-1388,"[-1, -1, -1, 10]","[0, 2, 2, 4]",7,-331
"[-10, -10, -10, -10, -10, -10, -10, -10, -10, -10]","[2, 2, 2, 2, 2, 2, 2, 2, 2, 2]",-100,-782,"[-1, -1, 10]","[0, 2, 4]",8,-866,"[-1, -1, -1, 10]","[0, 2, 2, 4]",7,-879,"[-1, -1, 10]","[1, 5, 4]",8,-1380,"[-1, -1, -1, -1, 10]","[0, 2, 4, 2, 4]",6,-325
"[-1, -1, 10]","[1, 5, 4]",8,-774,"[-1, -1, 10]","[1, 5, 4]",8,-858,"[-10, -10, -10, -10, -10, -10, -10, -10, -10, -10]","[2, 2, 2, 2, 2, 2, 2, 2, 2, 2]",-100,-979,"[-1, -1, 10]","[1, 5, 4]",8,-1372,"[-1, -1, 10]","[1, 5, 4]",8,-317
"[-1, -1, 10]","[1, 5, 4]",8,-766,"[-1, -1, 10]","[1, 5, 4]",8,-850,"[-1, -1, -1, -1, 10]","[0, 2, 4, 2, 4]",6,-973,"[-1, -10, -10, -10, -10, -10, -10, -10, -10, -10]","[0, 4, 4, 4, 4, 4, 4, 4, 4, 4]",-91,-1463,"[-1, -1, 10]","[0, 2, 4]",8,-309
"[-1, -1, 10]","[0, 2, 4]",8,-758,"[-1, -1, 10]","[0, 2, 4]",8,-842,"[-1, -1, -1, -1, 10]","[0, 2, 4, 2, 4]",6,-967,"[-1, -1, 10]","[1, 5, 4]",8,-1455,"[-1, -1, 10]","[1, 5, 4]",8,-301
"[-1, -1, 10]","[0, 2, 4]",8,-750,"[-1, -1, 10]","[1, 5, 4]",8,-834,"[-1, -1, -1, 10]","[0, 2, 2, 4]",7,-960,"[-10, -10, -10, -10, -10, -10, -10, -10, -10, -10]","[2, 2, 2, 2, 2, 2, 2, 2, 2, 2]",-100,-1555,"[-1, -1, -1, -1, 10]","[0, 2, 4, 2, 4]",6,-295
"[-1, -1, 10]","[0, 2, 4]",8,-742,"[-1, -1, -1, -1, 10]","[0, 2, 4, 2, 4]",6,-828,"[-1, -1, -1, -1, 10]","[0, 2, 1, 5, 4]",6,-954,"[-1, -1, 10]","[0, 2, 4]",8,-1547,"[-1, -1, 10]","[1, 5, 4]",8,-287
"[-1, -1, 10]","[1, 5, 4]",8,-734,"[-1, -1, 10]","[1, 5, 4]",8,-820,"[-10, -10, -10, -10, -10, -10, -10, -10, -10, -10]","[2, 2, 2, 2, 2, 2, 2, 2, 2, 2]",-100,-1054,"[-1, -1, -1, 10]","[0, 1, 5, 4]",7,-1540,"[-1, -1, -1, 10]","[0, 4, 2, 4]",7,-280
"[-1, -1, 10]","[1, 5, 4]",8,-726,"[-1, -1, -1, 10]","[0, 2, 2, 4]",7,-813,"[-1, -1, -1, 10]","[0, 2, 2, 4]",7,-1047,"[-1, -1, -1, 10]","[0, 2, 2, 4]",7,-1533,"[-1, -1, 10]","[1, 5, 4]",8,-272
"[-1, -1, 10]","[0, 2, 4]",8,-718,"[-1, -1, -1, -1, -1, 10]","[0, 2, 2, 1, 5, 4]",5,-808,"[-1, -1, 10]","[1, 5, 4]",8,-1039,"[-1, -1, -1, -1, 10]","[0, 2, 4, 2, 4]",6,-1527,"[-1, -1, 10]","[0, 2, 4]",8,-264
"[-1, -1, 10]","[1, 5, 4]",8,-710,"[-1, -1, 10]","[0, 2, 4]",8,-800,"[-1, -1, -1, 10]","[0, 2, 2, 4]",7,-1032,"[-1, -1, 10]","[1, 5, 4]",8,-1519,"[-1, -1, 10]","[1, 5, 4]",8,-256
"[-10, -10, -10, -10, -10, -10, -10, -10, -10, -10]","[2, 2, 2, 2, 2, 2, 2, 2, 2, 2]",-100,-810,"[-10, -10, -10, -10, -10, -10, -10, -10, -10, -10]","[2, 2, 2, 2, 2, 2, 2, 2, 2, 2]",-100,-900,"[-1, -1, -1, 10]","[0, 2, 2, 4]",7,-1025,"[-1, -1, 10]","[0, 2, 4]",8,-1511,"[-1, -1, -1, 10]","[0, 2, 2, 4]",7,-249
"[-1, -1, -1, -1, -1, 10]","[0, 2, 2, 1, 5, 4]",5,-805,"[-1, -1, -1, -1, 10]","[0, 2, 1, 5, 4]",6,-894,"[-1, -1, 10]","[1, 5, 4]",8,-1017,"[-10, -10, -10, -10, -10, -10, -10, -10, -10, -10]","[2, 2, 2, 2, 2, 2, 2, 2, 2, 2]",-100,-1611,"[-1, -1, 10]","[1, 5, 4]",8,-241
"[-1, -1, 10]","[0, 2, 4]",8,-797,"[-1, -1, 10]","[0, 2, 4]",8,-886,"[-10, -10, -10, -10, -10, -10, -10, -10, -10, -10]","[2, 2, 2, 2, 2, 2, 2, 2, 2, 2]",-100,-1117,"[-1, -1, -1, 10]","[0, 2, 2, 4]",7,-1604,"[-1, -1, -1, 10]","[0, 2, 2, 4]",7,-234
"[-1, -1, 10]","[0, 2, 4]",8,-789,"[-1, -1, 10]","[1, 5, 4]",8,-878,"[-1, -1, 10]","[1, 5, 4]",8,-1109,"[-1, -1, 10]","[1, 5, 4]",8,-1596,"[-1, -1, 10]","[1, 5, 4]",8,-226
"[-1, -1, -1, 10]","[0, 2, 2, 4]",7,-782,"[-1, -1, 10]","[0, 2, 4]",8,-870,"[-1, -1, 10]","[1, 5, 4]",8,-1101,"[-10, -10, -10, -10, -10, -10, -10, -10, -10, -10]","[2, 2, 2, 2, 2, 2, 2, 2, 2, 2]",-100,-1696,"[-1, -1, 10]","[0, 2, 4]",8,-218
"[-1, -1, 10]","[0, 2, 4]",8,-774,"[-1, -1, 10]","[1, 5, 4]",8,-862,"[-1, -1, -1, 10]","[0, 2, 2, 4]",7,-1094,"[-1, -1, -1, 10]","[0, 2, 2, 4]",7,-1689,"[-1, -1, -1, -1, 10]","[0, 2, 4, 2, 4]",6,-212
"[-10, -10, -10, -10, -10, -10, -10, -10, -10, -10]","[2, 2, 2, 2, 2, 2, 2, 2, 2, 2]",-100,-874,"[-1, -1, -1, 10]","[0, 4, 2, 4]",7,-855,"[-1, -1, 10]","[1, 5, 4]",8,-1086,"[-1, -1, 10]","[1, 5, 4]",8,-1681,"[-1, -1, 10]","[1, 5, 4]",8,-204
"[-1, -1, -1, -1, 10]","[0, 2, 4, 2, 4]",6,-868,"[-1, -1, -1, 10]","[0, 2, 2, 4]",7,-848,"[-1, -1, -1, -1, 10]","[0, 2, 4, 2, 4]",6,-1080,"[-10, -10, -10, -10, -10, -10, -10, -10, -10, -10]","[2, 2, 2, 2, 2, 2, 2, 2, 2, 2]",-100,-1781,"[-1, -1, -1, 10]","[0, 1, 5, 4]",7,-197
